     1000     0.999E-11       0.000     0.360E-03    0.800E+09    0.309E-03
     2000     0.200E-10       0.000     0.105E-02    0.800E+09    0.621E-03
     3000     0.300E-10       0.000     0.223E-02    0.800E+09    0.109E-02
     4000     0.400E-10       0.000     0.425E-02    0.800E+09    0.183E-02
     5000     0.500E-10       0.000     0.766E-02    0.800E+09    0.307E-02
     6000     0.600E-10       0.000     0.134E-01    0.800E+09    0.516E-02
     7000     0.700E-10       0.000     0.231E-01    0.800E+09    0.871E-02
     8000     0.800E-10       0.000     0.396E-01    0.800E+09    0.148E-01
     9000     0.900E-10       0.000     0.676E-01    0.800E+09    0.251E-01
    10000     0.100E-09       0.000     0.116        0.800E+09    0.429E-01
    11000     0.110E-09       0.000     0.198        0.800E+09    0.735E-01
    12000     0.120E-09       0.000     0.339        0.800E+09    0.126    
    13000     0.130E-09       0.000     0.581        0.800E+09    0.217    
    14000     0.140E-09       0.000     0.999        0.800E+09    0.373    
    15000     0.150E-09       0.000      1.72        0.800E+09    0.644    
    16000     0.160E-09       0.000      2.96        0.800E+09     1.11    
    17000     0.170E-09       0.000      5.11        0.800E+09     1.92    
    18000     0.180E-09       0.000      8.84        0.800E+09     3.33    
    19000     0.190E-09       0.000      15.3        0.800E+09     5.76    
    20000     0.200E-09       0.000      26.4        0.800E+09     9.98    
    21000     0.210E-09       0.000      45.8        0.800E+09     17.3    
    22000     0.220E-09       0.000      79.4        0.800E+09     30.0    
    23000     0.230E-09       0.000      138.        0.800E+09     52.0    
    24000     0.240E-09       0.000      239.        0.800E+09     90.3    
    25000     0.250E-09       0.000      414.        0.800E+09     157.    
    26000     0.260E-09       0.000      719.        0.800E+09     272.    
    27000     0.270E-09       0.000     0.125E+04    0.800E+09     473.    
    28000     0.280E-09       0.000     0.217E+04    0.800E+09     821.    
    29000     0.290E-09       0.000     0.377E+04    0.800E+09    0.143E+04
    30000     0.300E-09       0.000     0.654E+04    0.800E+09    0.248E+04
    31000     0.310E-09       0.000     0.114E+05    0.800E+09    0.431E+04
    32000     0.320E-09       0.000     0.197E+05    0.800E+09    0.749E+04
    33000     0.330E-09       0.000     0.343E+05    0.800E+09    0.130E+05
    34000     0.340E-09       0.000     0.596E+05    0.800E+09    0.226E+05
    35000     0.350E-09       0.000     0.104E+06    0.800E+09    0.393E+05
    36000     0.360E-09       0.000     0.180E+06    0.800E+09    0.683E+05
    37000     0.370E-09       0.000     0.313E+06    0.800E+09    0.119E+06
    38000     0.380E-09       0.000     0.544E+06    0.800E+09    0.206E+06
    39000     0.390E-09       0.000     0.946E+06    0.800E+09    0.359E+06
    40000     0.400E-09       0.000     0.164E+07    0.800E+09    0.624E+06
    41000     0.410E-09       0.000     0.286E+07    0.800E+09    0.108E+07
    42000     0.420E-09       0.000     0.497E+07    0.800E+09    0.189E+07
    43000     0.430E-09       0.000     0.864E+07    0.800E+09    0.328E+07
    44000     0.440E-09       0.000     0.150E+08    0.800E+09    0.570E+07
    45000     0.450E-09       0.000     0.261E+08    0.799E+09    0.990E+07
    46000     0.460E-09       0.000     0.453E+08    0.798E+09    0.172E+08
    47000     0.470E-09       0.000     0.785E+08    0.795E+09    0.297E+08
    48000     0.480E-09       0.000     0.135E+09    0.785E+09    0.510E+08
    49000     0.490E-09       0.000     0.229E+09    0.757E+09    0.852E+08
    50000     0.500E-09       0.000     0.370E+09    0.684E+09    0.132E+09
    51000     0.510E-09       0.000     0.540E+09    0.530E+09    0.176E+09
    52000     0.520E-09       0.000     0.681E+09    0.308E+09    0.179E+09
    53000     0.530E-09       0.000     0.755E+09    0.106E+09    0.134E+09
    54000     0.540E-09       0.000     0.784E+09   -0.139E+08    0.723E+08
    55000     0.550E-09       0.000     0.794E+09   -0.552E+08    0.250E+08
    56000     0.560E-09       0.000     0.797E+09   -0.529E+08    0.328E+06
    57000     0.570E-09       0.000     0.797E+09   -0.372E+08   -0.768E+07
    58000     0.580E-09       0.000     0.798E+09   -0.229E+08   -0.788E+07
    59000     0.590E-09       0.000     0.799E+09   -0.135E+08   -0.603E+07
    60000     0.600E-09       0.000     0.800E+09   -0.763E+07   -0.442E+07
    61000     0.610E-09       0.000     0.800E+09   -0.353E+07   -0.332E+07
    62000     0.620E-09       0.000     0.800E+09   -0.436E+06   -0.239E+07
    63000     0.630E-09       0.000     0.800E+09    0.168E+07   -0.146E+07
    64000     0.640E-09       0.000     0.800E+09    0.272E+07   -0.573E+06
    65000     0.650E-09       0.000     0.800E+09    0.278E+07    0.121E+06
    66000     0.660E-09       0.000     0.800E+09    0.217E+07    0.521E+06
    67000     0.670E-09       0.000     0.800E+09    0.131E+07    0.632E+06
    68000     0.680E-09       0.000     0.800E+09    0.509E+06    0.538E+06
    69000     0.690E-09       0.000     0.800E+09   -0.463E+05    0.351E+06
    70000     0.700E-09       0.000     0.800E+09   -0.327E+06    0.163E+06
    71000     0.710E-09       0.000     0.800E+09   -0.389E+06    0.229E+05
    72000     0.720E-09       0.000     0.800E+09   -0.323E+06   -0.544E+05
    73000     0.730E-09       0.000     0.800E+09   -0.209E+06   -0.797E+05
    74000     0.740E-09       0.000     0.800E+09   -0.101E+06   -0.723E+05
    75000     0.750E-09       0.000     0.800E+09   -0.223E+05   -0.506E+05
    76000     0.760E-09       0.000     0.800E+09    0.218E+05   -0.276E+05
    77000     0.770E-09       0.000     0.800E+09    0.384E+05   -0.959E+04
    78000     0.780E-09       0.000     0.800E+09    0.375E+05    0.155E+04
    79000     0.790E-09       0.000     0.800E+09    0.283E+05    0.667E+04
    80000     0.800E-09       0.000     0.800E+09    0.172E+05    0.766E+04
    81000     0.810E-09       0.000     0.800E+09    0.774E+04    0.639E+04
    82000     0.820E-09       0.000     0.800E+09    0.119E+04    0.431E+04
    83000     0.830E-09       0.000     0.800E+09   -0.240E+04    0.228E+04
    84000     0.840E-09       0.000     0.800E+09   -0.369E+04     742.    
    85000     0.850E-09       0.000     0.800E+09   -0.352E+04    -213.    
    86000     0.860E-09       0.000     0.800E+09   -0.263E+04    -655.    
    87000     0.870E-09       0.000     0.800E+09   -0.158E+04    -735.    
    88000     0.880E-09       0.000     0.800E+09    -681.        -610.    
    89000     0.890E-09       0.000     0.800E+09    -60.9        -407.    
    90000     0.900E-09       0.000     0.800E+09     273.        -209.    
    91000     0.910E-09       0.000     0.800E+09     382.        -58.7    
    92000     0.920E-09       0.000     0.800E+09     350.         32.1    
    93000     0.930E-09       0.000     0.800E+09     252.         71.4    
    94000     0.940E-09       0.000     0.800E+09     144.         75.0    
    95000     0.950E-09       0.000     0.800E+09     55.1         59.4    
    96000     0.960E-09       0.000     0.800E+09    -3.14         37.7    
    97000     0.970E-09       0.000     0.800E+09    -32.1         17.8    
    98000     0.980E-09       0.000     0.800E+09    -39.5         3.53    
    99000     0.990E-09       0.000     0.800E+09    -34.1        -4.57    
   100000     0.100E-08       0.000     0.800E+09    -23.4        -7.63    
   101000     0.101E-08       0.000     0.800E+09    -12.6        -7.43    
   102000     0.102E-08       0.000     0.800E+09    -4.13        -5.60    
   103000     0.103E-08       0.000     0.800E+09     1.12        -3.38    
   104000     0.104E-08       0.000     0.800E+09     3.54        -1.46    
   105000     0.105E-08       0.000     0.800E+09     3.96       -0.151    
   106000     0.106E-08       0.000     0.800E+09     3.26        0.554    
   107000     0.107E-08       0.000     0.800E+09     2.15        0.786    
   108000     0.108E-08       0.000     0.800E+09     1.09        0.723    
   109000     0.109E-08       0.000     0.800E+09    0.298        0.525    
   110000     0.110E-08       0.000     0.800E+09   -0.175        0.303    
   111000     0.111E-08       0.000     0.800E+09   -0.376        0.119    
   112000     0.112E-08       0.000     0.800E+09   -0.392       -0.166E-02
   113000     0.113E-08       0.000     0.800E+09   -0.309       -0.631E-01
   114000     0.114E-08       0.000     0.800E+09   -0.195       -0.799E-01
   115000     0.115E-08       0.000     0.800E+09   -0.916E-01   -0.699E-01
   116000     0.116E-08       0.000     0.800E+09   -0.171E-01   -0.487E-01
   117000     0.117E-08       0.000     0.800E+09    0.253E-01   -0.265E-01
   118000     0.118E-08       0.000     0.800E+09    0.414E-01   -0.898E-02
   119000     0.119E-08       0.000     0.800E+09    0.405E-01    0.212E-02
   120000     0.120E-08       0.000     0.800E+09    0.310E-01    0.736E-02
   121000     0.121E-08       0.000     0.800E+09    0.194E-01    0.842E-02
   122000     0.122E-08       0.000     0.800E+09    0.935E-02    0.708E-02
   123000     0.123E-08       0.000     0.800E+09    0.242E-02    0.484E-02
